101410
107220
112819
113417
113821
114116
116120
116221
116423
117728
120010
121315
121719
121820
122418
126931
128329
129432
129533
129937
131621
142424
143527
145531
146634
150019
150524
151021
155231
159845
160931
165234
168038
169141
170934
171128
171734
172635
173132
173233
177342
179548
179952
183741
186949
190132
193441
196851
197449
197651
200210
201717
203721
207628
208428
209531
221218
248238
351938
355239
355542
355845
362034
462139
473952
492754
521331
549757
550439
569965
571548
578158
584355
611231
613235
623137
644044
650746
688569
689470
693461
701535
733548
734247
745555
766563
782157
810439
822244
856463
929464
953764
972566
973770
995174
